[gd_scene load_steps=9 format=2]

[ext_resource path="res://juego/bloques/BloqueCesped.tscn" type="PackedScene" id=1]
[ext_resource path="res://juego/bloques/MedioBloqueCesped.tscn" type="PackedScene" id=2]
[ext_resource path="res://juego/niveles/NivelBase.tscn" type="PackedScene" id=3]
[ext_resource path="res://juego/items/MonedaDorada.tscn" type="PackedScene" id=4]
[ext_resource path="res://juego/objetos/danio/Sierra.tscn" type="PackedScene" id=5]
[ext_resource path="res://juego/bloques/ColumnaBloques.tscn" type="PackedScene" id=6]
[ext_resource path="res://juego/bloques/Plataforma_Cesped_12x18.tscn" type="PackedScene" id=7]
[ext_resource path="res://juego/bloques/BloquePendienteMedia.tscn" type="PackedScene" id=8]

[node name="Nivel2" instance=ExtResource( 3 )]
__meta__ = {
"_edit_horizontal_guides_": [ 155.0 ]
}
numero_nivel = 2
proximo_nivel = "res://juego/menus/MenuVictoria.tscn"
menu_game_over = "res://juego/menus/MenuGameOver.tscn"

[node name="ColorRect" parent="." index="1"]
margin_bottom = -486.0

[node name="Label" parent="ColorRect" index="0"]
align = 1
valign = 1

[node name="Player" parent="." index="3"]
transform = Transform( 0.5, 0, 0, 0, 0.5, 0, 0, 0, 0.5, 0.0854673, 0.0161917, -8.09387 )

[node name="DirectionalLight" parent="." index="4"]
transform = Transform( -0.615833, -0.0228441, -0.787546, -0.623667, -0.596676, 0.504993, -0.481445, 0.802157, 0.353205, 23.9381, 24.3302, 41.9868 )
light_energy = 1.0
light_indirect_energy = 0.706

[node name="ColumnaBloques27" parent="Bordes/Norte" index="29"]
transform = Transform( 1, 0, 0, 0, 1, 0, 0, 0, 1, -21.9855, -0.2, 25 )

[node name="ColumnaBloques52" parent="Bordes/Norte" index="30" instance=ExtResource( 6 )]
transform = Transform( 1, 0, 0, 0, 1, 0, 0, 0, 1, -21.0423, -0.163847, 25.1241 )

[node name="ColumnaBloques28" parent="Bordes/Norte" index="31"]
transform = Transform( 1, 0, 0, 0, 1, 0, 0, 0, 1, -20.0198, -0.2, 25 )

[node name="ColumnaBloques29" parent="Bordes/Norte" index="32"]
transform = Transform( 1, 0, 0, 0, 1, 0, 0, 0, 1, 0.0943871, -0.2, 25 )

[node name="Bloques" parent="." index="7"]
transform = Transform( -4.37114e-08, 0, 1, 0, 1, 0, -1, 0, -4.37114e-08, 0, 0, 0 )

[node name="BloqueCesped" parent="Bloques" index="0" instance=ExtResource( 1 )]
transform = Transform( 1, 0, 0, 0, 1, 0, 0, 0, 1, 5, 3.5, -5.5 )

[node name="block" parent="Bloques/BloqueCesped/tmpParent" index="0"]
transform = Transform( 1, 0, 0, 0, 1, 0, 0, 0, 1, -17.9376, -2.20524, 10.9308 )

[node name="MedioBloqueCesped" parent="Bloques" index="1" instance=ExtResource( 2 )]
transform = Transform( 1, 0, 0, 0, 1, 0, 0, 0, 1, 5, 0, -0.00345208 )

[node name="MedioBloqueCesped8" parent="Bloques" index="2" instance=ExtResource( 2 )]
transform = Transform( 1, 0, 0, 0, 1, 0, 0, 0, 1, 3.15199, 0.841051, -0.639443 )

[node name="MedioBloqueCesped2" parent="Bloques" index="3" instance=ExtResource( 2 )]
transform = Transform( 1, 0, 0, 0, 1, 0, 0, 0, 1, 2.88126, 1.49202, 1.39132 )

[node name="MedioBloqueCesped3" parent="Bloques" index="4" instance=ExtResource( 2 )]
transform = Transform( 1, 0, 0, 0, 1, 0, 0, 0, 1, 0.906607, 2.1668, 0.656912 )

[node name="MedioBloqueCesped4" parent="Bloques" index="5" instance=ExtResource( 2 )]
transform = Transform( 1, 0, 0, 0, 1, 0, 0, 0, 1, 0.91184, 3.12759, 2.87161 )

[node name="BloquePendienteMedia" parent="Bloques" index="6" instance=ExtResource( 8 )]
transform = Transform( -4.37114e-08, 0, -1, 0, 1, 0, 1, 0, -4.37114e-08, -11.9932, 3.30514, 9.81371 )

[node name="BloquePendienteMedia2" parent="Bloques" index="7" instance=ExtResource( 8 )]
transform = Transform( -4.37114e-08, 0.0460255, -0.99894, -4.90547e-16, 0.99894, 0.0460255, 1, 2.01184e-09, -4.36651e-08, -10.4937, 2.46974, 9.81372 )

[node name="BloquePendienteMedia3" parent="Bloques" index="8" instance=ExtResource( 8 )]
transform = Transform( -4.37114e-08, -0.132274, -0.991213, 1.40979e-15, 0.991213, -0.132274, 1, -5.78187e-09, -4.33273e-08, -8.98171, 1.912, 9.83841 )

[node name="BloquePendienteMedia4" parent="Bloques" index="9" instance=ExtResource( 8 )]
transform = Transform( -4.37114e-08, -0.119877, -0.992789, 1.27767e-15, 0.992789, -0.119877, 1, -5.23999e-09, -4.33962e-08, -7.50154, 1.40179, 9.81372 )

[node name="BloquePendienteMedia5" parent="Bloques" index="10" instance=ExtResource( 8 )]
transform = Transform( -4.37114e-08, -0.157469, -0.987524, 1.67832e-15, 0.987524, -0.157469, 1, -6.88318e-09, -4.3166e-08, -5.86296, 0.836537, 9.81372 )

[node name="BloquePendienteMedia6" parent="Bloques" index="11" instance=ExtResource( 8 )]
transform = Transform( -4.37114e-08, 0, -1, 0, 1, 0, 1, 0, -4.37114e-08, -4.10985, 0.225797, 9.81372 )

[node name="Plataforma_Cesped_12x18" parent="Bloques" index="12" instance=ExtResource( 7 )]
transform = Transform( -4.37114e-08, 0, -1, 0, 1, 0, 1, 0, -4.37114e-08, -12.988, 2.80601, 11.8978 )

[node name="MonedaDorada" parent="ContenedorMonedas" index="0" instance=ExtResource( 4 )]
transform = Transform( 1, 0, 0, 0, 1, 0, 0, 0, 1, -9.5, 3.5, -5 )

[node name="MonedaDorada2" parent="ContenedorMonedas" index="1" instance=ExtResource( 4 )]
transform = Transform( 1, 0, 0, 0, 1, 0, 0, 0, 1, 2.78124, 4.49496, -0.580434 )

[node name="Sierra" parent="ContenedorSierras" index="0" instance=ExtResource( 5 )]
transform = Transform( -4.37114e-08, 0, 1, 0, 1, 0, -1, 0, -4.37114e-08, 1.79363, 3.21285, -0.935766 )

[node name="Sierra2" parent="ContenedorSierras" index="1" instance=ExtResource( 5 )]
transform = Transform( -4.37114e-08, 0, 1, 0, 1, 0, -1, 0, -4.37114e-08, 1.79363, 1.09037, 13.4127 )

[node name="Portal" parent="." index="10"]
transform = Transform( -1.6, 0, -1.39876e-07, 0, 1.6, 0, 1.39876e-07, 0, -1.6, 14.5264, 3.88878, 20.8948 )

[editable path="Bloques/BloqueCesped"]
